{
 "cells": [
  {
   "cell_type": "markdown",
   "metadata": {},
   "source": [
    "PCA is an unsupervised machine learning algorithm. PCA is mainly used for dimensionality reduction in a dataset consisting of many variables that are highly correlated or lightly correlated with each other while retaining the variation present in the dataset up to a maximum extent. It is also a great tool for exploratory data analysis for making predictive models. \n",
    "\n",
    "\n",
    "PCA performs a linear transformation on the data so that most of the variance or information in your high-dimensional dataset is captured by the first few principal components. The first principal component will capture the most variance, followed by the second principal component, and so on. "
   ]
  },
  {
   "cell_type": "markdown",
   "metadata": {},
   "source": [
    "PCA step by step\n",
    "Here is the short summary of the required steps:\n",
    "\n",
    "1. Scale the data — we don’t want some feature to be voted as “more important” due to scale differences. 10m = 10000mm, but the algorithm isn’t aware of meters and millimeters (sorry US readers)\n",
    "2. Calculate covariance matrix — square matrix giving the covariances between each pair of elements of a random vector\n",
    "2. Eigendecomposition — we’ll get to that\n",
    "\n",
    "So let’s start with the first (and easiest) one.\n",
    "\n",
    "Before implementing the PCA algorithm in python first you have to download the wine data set. Below attach source contains a file of the wine dataset so download first to proceed https://gist.github.com/tijptjik/9408623"
   ]
  },
  {
   "cell_type": "code",
   "execution_count": 143,
   "metadata": {},
   "outputs": [
    {
     "data": {
      "text/html": [
       "<div>\n",
       "<style scoped>\n",
       "    .dataframe tbody tr th:only-of-type {\n",
       "        vertical-align: middle;\n",
       "    }\n",
       "\n",
       "    .dataframe tbody tr th {\n",
       "        vertical-align: top;\n",
       "    }\n",
       "\n",
       "    .dataframe thead th {\n",
       "        text-align: right;\n",
       "    }\n",
       "</style>\n",
       "<table border=\"1\" class=\"dataframe\">\n",
       "  <thead>\n",
       "    <tr style=\"text-align: right;\">\n",
       "      <th></th>\n",
       "      <th>alcohol</th>\n",
       "      <th>Malic.acid</th>\n",
       "      <th>ash</th>\n",
       "      <th>acl</th>\n",
       "      <th>Mg</th>\n",
       "      <th>Phenols</th>\n",
       "      <th>Flavanoids</th>\n",
       "      <th>Nonflavanoid.phenols</th>\n",
       "      <th>Proanth</th>\n",
       "      <th>color.int</th>\n",
       "      <th>Hue</th>\n",
       "      <th>OD</th>\n",
       "      <th>Proline</th>\n",
       "      <th>Wine</th>\n",
       "    </tr>\n",
       "  </thead>\n",
       "  <tbody>\n",
       "    <tr>\n",
       "      <th>0</th>\n",
       "      <td>14.23</td>\n",
       "      <td>1.71</td>\n",
       "      <td>2.43</td>\n",
       "      <td>15.6</td>\n",
       "      <td>127</td>\n",
       "      <td>2.80</td>\n",
       "      <td>3.06</td>\n",
       "      <td>0.28</td>\n",
       "      <td>2.29</td>\n",
       "      <td>5.64</td>\n",
       "      <td>1.04</td>\n",
       "      <td>3.92</td>\n",
       "      <td>1065</td>\n",
       "      <td>W1</td>\n",
       "    </tr>\n",
       "    <tr>\n",
       "      <th>1</th>\n",
       "      <td>13.20</td>\n",
       "      <td>1.78</td>\n",
       "      <td>2.14</td>\n",
       "      <td>11.2</td>\n",
       "      <td>100</td>\n",
       "      <td>2.65</td>\n",
       "      <td>2.76</td>\n",
       "      <td>0.26</td>\n",
       "      <td>1.28</td>\n",
       "      <td>4.38</td>\n",
       "      <td>1.05</td>\n",
       "      <td>3.40</td>\n",
       "      <td>1050</td>\n",
       "      <td>W1</td>\n",
       "    </tr>\n",
       "    <tr>\n",
       "      <th>2</th>\n",
       "      <td>13.16</td>\n",
       "      <td>2.36</td>\n",
       "      <td>2.67</td>\n",
       "      <td>18.6</td>\n",
       "      <td>101</td>\n",
       "      <td>2.80</td>\n",
       "      <td>3.24</td>\n",
       "      <td>0.30</td>\n",
       "      <td>2.81</td>\n",
       "      <td>5.68</td>\n",
       "      <td>1.03</td>\n",
       "      <td>3.17</td>\n",
       "      <td>1185</td>\n",
       "      <td>W1</td>\n",
       "    </tr>\n",
       "    <tr>\n",
       "      <th>3</th>\n",
       "      <td>14.37</td>\n",
       "      <td>1.95</td>\n",
       "      <td>2.50</td>\n",
       "      <td>16.8</td>\n",
       "      <td>113</td>\n",
       "      <td>3.85</td>\n",
       "      <td>3.49</td>\n",
       "      <td>0.24</td>\n",
       "      <td>2.18</td>\n",
       "      <td>7.80</td>\n",
       "      <td>0.86</td>\n",
       "      <td>3.45</td>\n",
       "      <td>1480</td>\n",
       "      <td>W1</td>\n",
       "    </tr>\n",
       "    <tr>\n",
       "      <th>4</th>\n",
       "      <td>13.24</td>\n",
       "      <td>2.59</td>\n",
       "      <td>2.87</td>\n",
       "      <td>21.0</td>\n",
       "      <td>118</td>\n",
       "      <td>2.80</td>\n",
       "      <td>2.69</td>\n",
       "      <td>0.39</td>\n",
       "      <td>1.82</td>\n",
       "      <td>4.32</td>\n",
       "      <td>1.04</td>\n",
       "      <td>2.93</td>\n",
       "      <td>735</td>\n",
       "      <td>W1</td>\n",
       "    </tr>\n",
       "  </tbody>\n",
       "</table>\n",
       "</div>"
      ],
      "text/plain": [
       "   alcohol  Malic.acid   ash   acl   Mg  Phenols  Flavanoids  \\\n",
       "0    14.23        1.71  2.43  15.6  127     2.80        3.06   \n",
       "1    13.20        1.78  2.14  11.2  100     2.65        2.76   \n",
       "2    13.16        2.36  2.67  18.6  101     2.80        3.24   \n",
       "3    14.37        1.95  2.50  16.8  113     3.85        3.49   \n",
       "4    13.24        2.59  2.87  21.0  118     2.80        2.69   \n",
       "\n",
       "   Nonflavanoid.phenols  Proanth  color.int   Hue    OD  Proline Wine  \n",
       "0                  0.28     2.29       5.64  1.04  3.92     1065   W1  \n",
       "1                  0.26     1.28       4.38  1.05  3.40     1050   W1  \n",
       "2                  0.30     2.81       5.68  1.03  3.17     1185   W1  \n",
       "3                  0.24     2.18       7.80  0.86  3.45     1480   W1  \n",
       "4                  0.39     1.82       4.32  1.04  2.93      735   W1  "
      ]
     },
     "execution_count": 143,
     "metadata": {},
     "output_type": "execute_result"
    }
   ],
   "source": [
    "# importing required libraries \n",
    "import numpy as np \n",
    "import matplotlib.pyplot as plt \n",
    "import pandas as pd \n",
    "\n",
    "# importing or loading the dataset \n",
    "df = pd.read_csv('Wine.csv') \n",
    "  \n",
    "df.head()"
   ]
  },
  {
   "cell_type": "markdown",
   "metadata": {},
   "source": [
    "To perform the scaling we'll use the StandardScaler from Scikit-Learn:"
   ]
  },
  {
   "cell_type": "code",
   "execution_count": 147,
   "metadata": {},
   "outputs": [],
   "source": [
    "from sklearn.preprocessing import StandardScaler\n",
    "X_scaled = StandardScaler().fit_transform(X)\n",
    "X_scaled[:14]\n",
    "y = df['Wine']"
   ]
  },
  {
   "cell_type": "markdown",
   "metadata": {},
   "source": [
    "Let's take a step back here and understand the difference between variance and covariance. Variance reports variation of a single random variable — let's say the weight of a person, and covariance reports how much two random variables vary — like weight and height of a person.\n",
    "On the diagonal of the covariance matrix we have variances, and other elements are the covariances.\n",
    "Let's not dive into the math here as you have the video for that part. Here’s how to obtain the covariance matrix in Numpy:"
   ]
  },
  {
   "cell_type": "code",
   "execution_count": 148,
   "metadata": {},
   "outputs": [
    {
     "data": {
      "text/plain": [
       "array([[ 1.00564972, -0.3300763 ,  0.44024952, -0.04992369,  0.52078487,\n",
       "        -0.21036119, -0.72322641, -0.85228566,  0.49187249, -0.50194977,\n",
       "         0.26716852, -0.62085717, -0.79268286],\n",
       "       [-0.3300763 ,  1.00564972,  0.09493026,  0.21273976, -0.31198788,\n",
       "         0.27232816,  0.29073446,  0.23815287, -0.15681042,  0.13747022,\n",
       "         0.549451  , -0.07215255,  0.07275191],\n",
       "       [ 0.44024952,  0.09493026,  1.00564972,  0.16497228,  0.29013035,\n",
       "        -0.05488343, -0.3370606 , -0.41332866,  0.29463237, -0.22199334,\n",
       "         0.25039204, -0.56446685, -0.37079354],\n",
       "       [-0.04992369,  0.21273976,  0.16497228,  1.00564972,  0.44587209,\n",
       "         0.28820583,  0.12970824,  0.11572743,  0.1872826 ,  0.00970647,\n",
       "         0.2603499 , -0.07508874,  0.00393333],\n",
       "       [ 0.52078487, -0.31198788,  0.29013035,  0.44587209,  1.00564972,\n",
       "        -0.0838039 , -0.32292752, -0.353355  ,  0.36396647, -0.19844168,\n",
       "         0.01883781, -0.27550299, -0.27833221],\n",
       "       [-0.21036119,  0.27232816, -0.05488343,  0.28820583, -0.0838039 ,\n",
       "         1.00564972,  0.21561254,  0.19688989, -0.25774204,  0.23777643,\n",
       "         0.20107967,  0.05571118,  0.06637684],\n",
       "       [-0.72322641,  0.29073446, -0.3370606 ,  0.12970824, -0.32292752,\n",
       "         0.21561254,  1.00564972,  0.86944804, -0.45247731,  0.61587304,\n",
       "        -0.05544792,  0.43613151,  0.70390388],\n",
       "       [-0.85228566,  0.23815287, -0.41332866,  0.11572743, -0.353355  ,\n",
       "         0.19688989,  0.86944804,  1.00564972, -0.54093859,  0.65637929,\n",
       "        -0.17335329,  0.54654907,  0.79164133],\n",
       "       [ 0.49187249, -0.15681042,  0.29463237,  0.1872826 ,  0.36396647,\n",
       "        -0.25774204, -0.45247731, -0.54093859,  1.00564972, -0.36791202,\n",
       "         0.13984265, -0.26412347, -0.50611293],\n",
       "       [-0.50194977,  0.13747022, -0.22199334,  0.00970647, -0.19844168,\n",
       "         0.23777643,  0.61587304,  0.65637929, -0.36791202,  1.00564972,\n",
       "        -0.02539259,  0.29721399,  0.52199968],\n",
       "       [ 0.26716852,  0.549451  ,  0.25039204,  0.2603499 ,  0.01883781,\n",
       "         0.20107967, -0.05544792, -0.17335329,  0.13984265, -0.02539259,\n",
       "         1.00564972, -0.52476129, -0.43123763],\n",
       "       [-0.62085717, -0.07215255, -0.56446685, -0.07508874, -0.27550299,\n",
       "         0.05571118,  0.43613151,  0.54654907, -0.26412347,  0.29721399,\n",
       "        -0.52476129,  1.00564972,  0.56866303],\n",
       "       [-0.79268286,  0.07275191, -0.37079354,  0.00393333, -0.27833221,\n",
       "         0.06637684,  0.70390388,  0.79164133, -0.50611293,  0.52199968,\n",
       "        -0.43123763,  0.56866303,  1.00564972]])"
      ]
     },
     "execution_count": 148,
     "metadata": {},
     "output_type": "execute_result"
    }
   ],
   "source": [
    "features = X_scaled.T\n",
    "cov_matrix = np.cov(features)\n",
    "cov_matrix[:14]\n"
   ]
  },
  {
   "cell_type": "markdown",
   "metadata": {},
   "source": [
    "As you can see, the diagonal elements are identical, and the matrix is symmetrical. Up next, eigendecomposition."
   ]
  },
  {
   "cell_type": "markdown",
   "metadata": {},
   "source": [
    "Eigen decomposition is a process that decomposes a square matrix into eigenvectors and eigenvalues. Eigenvectors are simple unit vectors, and eigenvalues are coefficients which give the magnitude to the eigenvectors. We can perform the eigendecomposition through Numpy, and it returns a tuple, where the first element represents eigenvalues and the second one represents eigenvectors:"
   ]
  },
  {
   "cell_type": "code",
   "execution_count": 149,
   "metadata": {},
   "outputs": [
    {
     "data": {
      "text/plain": [
       "array([5.22481203, 2.19248152, 1.42766455, 0.85344884, 0.8933034 ,\n",
       "       0.67313409, 0.55544776, 0.06974017, 0.35046681, 0.13626767,\n",
       "       0.17052069, 0.26523921, 0.2609196 ])"
      ]
     },
     "execution_count": 149,
     "metadata": {},
     "output_type": "execute_result"
    }
   ],
   "source": [
    "values, vectors = np.linalg.eig(cov_matrix)\n",
    "values[:14]"
   ]
  },
  {
   "cell_type": "code",
   "execution_count": 150,
   "metadata": {},
   "outputs": [
    {
     "data": {
      "text/plain": [
       "array([[ 0.40061817, -0.04279021,  0.00708557,  0.21190105,  0.03080887,\n",
       "         0.2193226 , -0.07268782, -0.59091266, -0.07685082,  0.55339048,\n",
       "         0.02580389,  0.2743453 ,  0.03362564],\n",
       "       [-0.10049402,  0.51253006, -0.27225172, -0.35319835, -0.08073149,\n",
       "        -0.19011851, -0.05575462, -0.15250658, -0.49408424,  0.13036619,\n",
       "         0.30687102, -0.14143787,  0.28987116],\n",
       "       [ 0.24178099,  0.22282037,  0.0525294 ,  0.2836428 , -0.46836582,\n",
       "        -0.56131196,  0.37138698,  0.02748997, -0.08327859, -0.07696492,\n",
       "        -0.13095335,  0.2838093 , -0.15812463],\n",
       "       [ 0.01824048,  0.37109424,  0.60356874, -0.25299635,  0.09305826,\n",
       "        -0.13462324, -0.15318175, -0.02375467,  0.17797065,  0.25116393,\n",
       "         0.09172891, -0.18834719, -0.49416196],\n",
       "       [ 0.22230116,  0.00643925,  0.62228794,  0.16220375, -0.04684966,\n",
       "         0.11474319, -0.29090643,  0.13530607, -0.3967539 , -0.28912012,\n",
       "         0.00639521,  0.08374082,  0.41308074],\n",
       "       [-0.107407  ,  0.35465097,  0.08118254,  0.34244069,  0.71482675,\n",
       "        -0.14899953,  0.34407535, -0.05247172,  0.11357118, -0.03360681,\n",
       "        -0.05775284,  0.03613551,  0.25659682],\n",
       "       [-0.36790342,  0.15931972,  0.10309242, -0.00394357, -0.21277863,\n",
       "         0.13986625, -0.03097741,  0.30538449,  0.32795343,  0.29242576,\n",
       "         0.29917513,  0.56646518,  0.25711721],\n",
       "       [-0.40484397,  0.08944404,  0.11807532, -0.00167032, -0.16411119,\n",
       "         0.05586827, -0.0623928 , -0.68737835,  0.16084657, -0.50622784,\n",
       "         0.04305743,  0.14760071, -0.04407701],\n",
       "       [ 0.27871608, -0.02755593,  0.20938693, -0.51709496, -0.11999321,\n",
       "         0.23836553,  0.62138012, -0.08751408,  0.20781272, -0.05674981,\n",
       "        -0.04804685, -0.07793228,  0.3009167 ],\n",
       "       [-0.28954608,  0.13157848,  0.09808821,  0.39378634, -0.22802649,\n",
       "         0.5102875 ,  0.39521056,  0.06535766, -0.31443035,  0.11168144,\n",
       "         0.1082338 , -0.29618796, -0.2247837 ],\n",
       "       [ 0.13188669,  0.54018719, -0.20847476, -0.09536852, -0.03234492,\n",
       "         0.40003621, -0.1797745 ,  0.12243099,  0.02665146, -0.12417155,\n",
       "        -0.60360476,  0.19775213, -0.10143941],\n",
       "       [-0.30113679, -0.26630188,  0.13437424, -0.33051172,  0.25368334,\n",
       "        -0.04036481,  0.20511952,  0.00409895, -0.51122924,  0.08169007,\n",
       "        -0.24529098,  0.46234674, -0.24712216],\n",
       "       [-0.37525003, -0.09016199,  0.15933979,  0.03881264, -0.21755821,\n",
       "        -0.21362952, -0.07517036, -0.11179358,  0.05924944,  0.37877734,\n",
       "        -0.58850314, -0.30174387,  0.3587158 ]])"
      ]
     },
     "execution_count": 150,
     "metadata": {},
     "output_type": "execute_result"
    }
   ],
   "source": [
    "vectors[:14]"
   ]
  },
  {
   "cell_type": "markdown",
   "metadata": {},
   "source": [
    "Just from this, we can calculate the percentage of explained variance per principal component:"
   ]
  },
  {
   "cell_type": "code",
   "execution_count": 161,
   "metadata": {},
   "outputs": [
    {
     "name": "stdout",
     "output_type": "stream",
     "text": [
      "1.0000000000000002 \n",
      " [0.3996507040997861, 0.16770493874108458, 0.10920338201069844, 0.0652810910857892, 0.06832960355691109, 0.05148864937930976, 0.0424867125160211, 0.005334490034152581, 0.02680753005109357, 0.010423239766716521, 0.013043285425734059, 0.020288392103840428, 0.019957981228862644]\n"
     ]
    }
   ],
   "source": [
    "explained_variances = []\n",
    "for i in range(len(values)):\n",
    "    explained_variances.append(values[i] / np.sum(values))\n",
    " \n",
    "print(np.sum(explained_variances), '\\n', explained_variances)\n"
   ]
  },
  {
   "cell_type": "markdown",
   "metadata": {},
   "source": [
    "The first value is just the sum of explained variances — and must be equal to 1. The second value is an array, representing the explained variance percentage per principal component.\n",
    "The first two principal components account for around 56% of the variance in the data. \n",
    "Let's now dive into some visualizations where we can see the clear purpose of applying PCA."
   ]
  },
  {
   "cell_type": "markdown",
   "metadata": {},
   "source": [
    "after applying PCA we've managed to explain most?? of the variance with only 2 principal components.\n",
    "Now we'll create a Pandas DataFrame object consisting of those two components, alongside the target class. Here's the code:"
   ]
  },
  {
   "cell_type": "code",
   "execution_count": 164,
   "metadata": {},
   "outputs": [
    {
     "data": {
      "text/html": [
       "<div>\n",
       "<style scoped>\n",
       "    .dataframe tbody tr th:only-of-type {\n",
       "        vertical-align: middle;\n",
       "    }\n",
       "\n",
       "    .dataframe tbody tr th {\n",
       "        vertical-align: top;\n",
       "    }\n",
       "\n",
       "    .dataframe thead th {\n",
       "        text-align: right;\n",
       "    }\n",
       "</style>\n",
       "<table border=\"1\" class=\"dataframe\">\n",
       "  <thead>\n",
       "    <tr style=\"text-align: right;\">\n",
       "      <th></th>\n",
       "      <th>PC1</th>\n",
       "      <th>PC2</th>\n",
       "      <th>Y</th>\n",
       "    </tr>\n",
       "  </thead>\n",
       "  <tbody>\n",
       "    <tr>\n",
       "      <th>0</th>\n",
       "      <td>-3.260580</td>\n",
       "      <td>1.736054</td>\n",
       "      <td>W1</td>\n",
       "    </tr>\n",
       "    <tr>\n",
       "      <th>1</th>\n",
       "      <td>-2.358620</td>\n",
       "      <td>-0.509786</td>\n",
       "      <td>W1</td>\n",
       "    </tr>\n",
       "    <tr>\n",
       "      <th>2</th>\n",
       "      <td>-2.453376</td>\n",
       "      <td>1.120704</td>\n",
       "      <td>W1</td>\n",
       "    </tr>\n",
       "    <tr>\n",
       "      <th>3</th>\n",
       "      <td>-3.253148</td>\n",
       "      <td>2.686416</td>\n",
       "      <td>W1</td>\n",
       "    </tr>\n",
       "    <tr>\n",
       "      <th>4</th>\n",
       "      <td>-1.403734</td>\n",
       "      <td>1.320100</td>\n",
       "      <td>W1</td>\n",
       "    </tr>\n",
       "  </tbody>\n",
       "</table>\n",
       "</div>"
      ],
      "text/plain": [
       "        PC1       PC2   Y\n",
       "0 -3.260580  1.736054  W1\n",
       "1 -2.358620 -0.509786  W1\n",
       "2 -2.453376  1.120704  W1\n",
       "3 -3.253148  2.686416  W1\n",
       "4 -1.403734  1.320100  W1"
      ]
     },
     "execution_count": 164,
     "metadata": {},
     "output_type": "execute_result"
    }
   ],
   "source": [
    "projected_1 = X_scaled.dot(vectors.T[0])\n",
    "projected_2 = X_scaled.dot(vectors.T[1])\n",
    "res = pd.DataFrame(projected_1, columns=['PC1'])\n",
    "res['PC2'] = projected_2\n",
    "res['Y'] = y\n",
    "res.head()"
   ]
  },
  {
   "cell_type": "markdown",
   "metadata": {},
   "source": [
    "et’s first visualize this dataset in 1 dimension — as a line. To do so we’ll need to ditch the second principal component. The easiest way is to hardcode Y values as zeros, as the scatter plot requires values for both X and Y axis:"
   ]
  },
  {
   "cell_type": "code",
   "execution_count": 170,
   "metadata": {},
   "outputs": [
    {
     "data": {
      "text/plain": [
       "<matplotlib.axes._subplots.AxesSubplot at 0x1c317ca16d8>"
      ]
     },
     "execution_count": 170,
     "metadata": {},
     "output_type": "execute_result"
    },
    {
     "data": {
